Data/SFGC_ShortCatalog_Journal.ecsv
# %ECSV 1.0
# ---
# datatype:
# - {name: SourceID, datatype: string}
# - {name: ra, datatype: float64}
# - {name: dec, datatype: float64}
# - {name: _25um_Flux_8pix, datatype: float32, format: '{:13.4g}'}
# - {name: _25um_Flux_8pix_err, datatype: float32, format: '{:13.4g}'}
# - {name: _25um_Flux_G2D, datatype: float32, format: '{:13.4g}'}
# - {name: _25um_Flux_G2D_err, datatype: float32, format: '{:13.4g}'}
# - {name: fwhm25, datatype: float32, format: '{:13.4g}'}
# - {name: _37um_Flux_10_5pix, datatype: float32, format: '{:13.4g}'}
# - {name: _37um_Flux_10_5pix_err, datatype: float32, format: '{:13.4g}'}
# - {name: _37um_Flux_G2D, datatype: float32, format: '{:13.4g}'}
# - {name: _37um_Flux_G2D_err, datatype: float32, format: '{:13.4g}'}
# - {name: fwhm37, datatype: float32, format: '{:13.4g}'}
# schema: astropy-2.0
SourceID ra dec _25um_Flux_8pix _25um_Flux_8pix_err _25um_Flux_G2D _25um_Flux_G2D_err fwhm25 _37um_Flux_10_5pix _37um_Flux_10_5pix_err _37um_Flux_G2D _37um_Flux_G2D_err fwhm37
[from data line 608]
SFGC0.134-0.0493 266.532917 -28.847092 14.427157 0.53155226 17.671705 0.7566927 12.521312 38.96662 1.4889177 33.62696 2.0435038 15.8445635
SFGC0.057+0.0114 266.427667 -28.881761 11.620694 0.2825084 13.803778 0.35535583 11.063901 19.935526 1.0634114 17.7805 0.8627704 9.366329
SFGC359.963-0.0165 266.399 -28.976489 5.143198 0.29576978 6.153259 0.34186745 10.166703 7.3964105 0.52326304 7.3720098 0.36864856 8.133323
SFGC0.142-0.0727 266.560208 -28.852883 1.0122479 0.13857004 1.3116325 0.110493295 7.013629 3.0882638 0.29942477 2.6830223 0.18291011 7.0522146
SFGC0.169-0.0440 266.548125 -28.815117 35.67059 2.3776567 45.367374 4.1956286 15.521157 53.785416 3.1957242 45.98963 3.885706 14.03706
SFGC0.548-0.0589 266.786958 -28.498669 28.745584 0.14929537 25.2791 0.06151362 3.624108 42.68059 0.37804365 34.49122 0.13902813 4.2455726
SFGC359.957-0.0366 266.415083 -28.991972 27.925232 0.85630363 34.767582 1.2265592 12.599025 108.59624 4.813396 93.70122 6.1015587 14.634057
SFGC0.197-0.0062 266.528417 -28.770847 13.947594 0.12532505 15.465225 0.11704908 8.214977 26.975172 0.3204909 23.62252 0.31113586 11.20753
SFGC359.441-0.0820 266.151 -29.455728 9.160548 0.7354864 11.61209 1.084238 12.966604 29.486618 2.0647082 25.581902 2.5791583 14.420983
SFGC0.188-0.0516 266.567292 -28.802058 15.415137 1.5539672 19.637112 2.4283078 13.74479 50.49982 3.3603656 44.123722 4.06328 13.959368
SFGC0.044+0.0216 266.409875 -28.887781 52.259155 2.9104407 "" "" 20.0 119.83221 4.924708 95.17121 9.463347 22.183998
SFGC0.095+0.0021 266.459333 -28.854111 15.643954 0.9110327 18.464025 1.2593111 12.158368 34.831017 1.4214914 28.967913 2.0453544 16.611156
SFGC0.096+0.0160 266.446708 -28.845558 30.216513 1.570992 37.206276 2.314072 12.9562435 47.674877 4.1402693 47.521595 5.53931 15.445522
SFGC359.348-0.0821 266.094958 -29.535369 4.9747276 0.15914597 "" "" 20.0 10.980072 0.43412495 9.611425 0.41388914 11.006389
SFGC0.068+0.0297 266.416417 -28.862783 12.608891 0.73998386 15.262896 0.97882867 11.634847 43.321644 2.4978817 35.95971 3.105089 14.350853
SFGC359.959-0.0259 266.405708 -28.984933 5.5332456 0.5260984 6.321489 0.55208015 9.2302065 22.256855 1.9632481 18.80871 1.6309383 9.5904255
SFGC0.536-0.0841 266.804333 -28.522269 76.607834 1.9206537 96.09264 2.7567585 12.62484 140.13684 3.2137077 122.02853 3.8250813 13.74073
SFGC359.987+0.0155 266.382375 -28.938939 63.13121 2.32893 "" "" 20.0 130.40614 3.3936157 "" "" 26.0
SFGC359.534-0.1004 266.224625 -29.386242 1.7963921 0.13086371 1.7356673 0.075738944 5.090685 4.645851 0.22444774 3.9829438 0.17084382 8.787383
SFGC359.931-0.0546 266.4175 -29.023156 22.65594 1.4759543 "" "" 20.0 117.00737 6.141712 99.925606 7.6385107 14.358027
SFGC0.479-0.0554 266.742917 -28.555736 1.0627254 0.22780164 1.4556901 0.15415265 5.952102 6.6927705 1.0548911 7.943581 0.81568164 8.926651
SFGC0.630-0.0282 266.805333 -28.412875 31.038492 0.5375215 37.361103 0.95258915 15.587842 111.34053 1.680731 94.765945 1.977263 13.581313
SFGC359.411-0.0392 266.09075 -29.459333 10.402407 0.14775282 12.141751 0.17012528 10.127664 26.236536 0.3932391 22.328009 0.40857375 11.994697
SFGC0.094+0.0081 266.452875 -28.851919 42.50214 1.3127548 52.835323 1.9282507 12.919809 86.28153 3.7381551 75.3007 4.2000704 12.97104
SFGC359.952+0.0124 266.364375 -28.9707 2.2066808 0.183016 2.4581275 0.14036556 6.7460217 3.9989939 0.7453275 4.1776385 0.47357646 7.3353105
SFGC0.208+0.0266 266.502708 -28.744769 6.5038385 0.12446411 7.5462236 0.14382373 10.163953 13.439455 0.41714212 "" "" ""
SFGC0.088-0.0022 266.459625 -28.861908 7.982316 0.3921442 9.898244 0.7316782 16.411585 16.716099 0.90837485 15.987347 1.0122856 12.8651085
SFGC0.011-0.0589 266.46925 -28.957025 1.80204 0.16849111 2.0578716 0.17678241 9.228652 9.845489 0.3421737 "" "" ""
SFGC359.876-0.0241 266.354917 -29.054217 5.932196 0.28244466 7.193542 0.34089115 10.615943 3.1746445 0.3832568 3.7347536 0.29246616 8.809704
SFGC0.100-0.0147 266.47875 -28.858539 5.380366 0.15411873 6.350163 0.18913762 10.794405 17.252714 0.42498186 15.130112 0.4760387 12.931455
SFGC0.138-0.0328 266.518917 -28.835619 6.6730394 0.35925505 8.310722 0.43942434 10.758642 17.17749 1.5579624 16.446499 1.8001187 13.33889
SFGC359.516-0.0967 266.210333 -29.399444 2.0718656 0.14226371 2.3858552 0.15086614 9.327685 5.517865 0.2747312 4.659631 0.24487399 10.289877
SFGC359.885-0.0122 266.348583 -29.040289 2.4331865 0.12063604 2.5057895 0.078614436 5.7319374 11.074135 0.4490873 9.856699 0.3873003 9.956177
SFGC0.188-0.0541 266.569625 -28.803639 19.201975 1.0210074 26.274591 2.1323266 18.369656 75.56363 3.2959769 64.54795 5.260254 18.4246
SFGC0.088-0.0095 266.466542 -28.8661 17.19433 0.49555668 20.584846 0.67890704 12.05017 38.00735 0.70419985 32.994083 1.0059384 16.491152
SFGC0.187-0.0436 266.558833 -28.79885 25.054985 1.9029365 31.012869 3.3020296 15.2627535 30.844852 1.8381052 27.18642 2.6057036 16.365534
SFGC359.435-0.0888 266.154042 -29.464281 5.7392883 0.8153219 7.301976 0.98143566 10.587878 21.489206 2.4040902 18.313911 2.5608757 12.297399
SFGC0.123+0.0426 266.436542 -28.809133 20.481901 1.3323342 25.613472 2.4293973 16.038422 79.78776 3.3879774 70.01662 4.170307 14.210294
SFGC359.456-0.0670 266.145208 -29.435144 4.6849976 0.19422397 4.950383 0.14892134 6.7441983 9.161496 0.5520684 "" "" 26.0
SFGC0.536-0.0822 266.802875 -28.52075 92.65641 2.3602014 112.80828 3.3169346 12.361298 167.15242 3.6649392 145.75589 4.5533752 14.343073
SFGC0.087+0.0087 266.448167 -28.857475 8.197517 0.51418936 10.338577 0.6521595 11.155961 18.20293 2.2225616 16.621347 2.0682828 10.74315
SFGC0.188-0.0486 266.564375 -28.800597 13.013705 1.467438 15.709259 1.6382343 9.81957 28.778225 3.3915327 24.176851 3.5626576 12.127007
SFGC0.092+0.0130 266.446958 -28.851011 17.047802 2.0885448 22.002417 2.9580655 12.4577675 51.843166 4.54589 44.552444 5.778739 14.675391
SFGC359.346-0.0829 266.094958 -29.536867 4.111876 0.1968576 4.691542 0.25096014 11.21318 13.021424 0.3857529 10.707866 0.5935839 17.764315
SFGC0.154-0.0366 266.532333 -28.823658 8.74016 1.2642509 12.039836 1.6834866 11.712581 22.725796 2.9160457 19.099371 3.760783 14.888792
SFGC359.935-0.0529 266.417667 -29.01955 21.208958 4.8987556 "" "" "" 95.58561 14.488173 "" "" ""
SFGC0.381+0.0159 266.615625 -28.602589 59.24718 1.5547523 73.97825 2.5585446 14.4746475 133.24072 4.6631255 111.62709 6.6434584 16.447226
SFGC0.158-0.0353 266.533625 -28.819325 17.559391 0.9735389 22.831621 1.6817371 15.194311 65.057816 1.8152033 57.624607 2.6690235 16.974722
SFGC0.078+0.0011 266.450167 -28.869333 2.0681028 0.42012107 2.5709677 0.31265545 6.5458755 "" "" 3.1005552 0.6137749 5.1177173
SFGC0.531-0.0858 266.803417 -28.526892 19.690815 1.4646685 24.802322 2.7050426 16.244673 39.017673 2.5102458 34.476265 3.3561034 15.434573
SFGC0.631-0.0259 266.803958 -28.410375 25.108696 0.5548091 "" "" 20.0 67.592606 2.6741183 53.509674 3.683492 15.902105
SFGC359.753-0.0220 266.279 -29.1586 1.7033707 0.11334623 1.7877588 0.08495734 6.5928025 7.290373 0.31745225 "" "" 26.0
SFGC0.099-0.0013 266.465167 -28.852425 13.448525 0.43382457 16.812168 0.9678293 19.622793 20.050913 1.190653 16.992437 1.4973683 14.518407
SFGC0.523-0.0854 266.798042 -28.533764 5.2621274 0.20230234 6.1833305 0.19261037 8.374425 21.286005 1.0393622 19.18632 0.9274524 10.301495
SFGC359.968-0.0597 266.44425 -28.994431 4.1512403 0.20920293 4.8482337 0.20218848 8.500899 22.50967 1.2486578 19.088299 1.3282622 12.280496
SFGC359.947-0.0552 266.427417 -29.010056 32.473274 5.600951 "" "" "" 91.40043 11.763683 "" "" 26.0
SFGC0.198-0.0550 266.5765 -28.795444 14.572644 0.8405341 18.500265 1.2078606 12.639727 37.06916 1.9756869 33.18902 2.2651079 13.235682
SFGC0.550-0.0750 266.80375 -28.505483 8.243797 0.32485524 9.608119 0.425003 11.507429 19.845371 0.91413 17.104221 0.9117494 11.514446
SFGC0.154-0.0650 266.559667 -28.8388 24.930935 1.9967641 32.756046 5.0821643 20.0 50.95837 2.953465 41.571594 3.8832786 15.178968
SFGC0.099-0.0635 266.525708 -28.884892 4.3132024 0.2097685 4.942642 0.2562669 10.745544 10.01348 0.45647666 8.658917 0.5406106 13.6722975
SFGC0.174-0.0844 266.5905 -28.831717 8.400621 0.31433347 9.770944 0.51678926 14.461024 14.319958 0.4926447 12.523632 0.47307402 11.085896
SFGC0.043+0.0197 266.411375 -28.889267 108.366325 2.6894805 137.29553 4.2795596 13.996096 146.48022 4.0566735 "" "" 26.0
SFGC0.175-0.0408 266.549 -28.807669 17.99779 1.4859426 23.320656 3.026222 17.913273 48.739265 3.0369706 42.938553 4.0606666 15.43591
SFGC359.716-0.0334 266.268 -29.196156 10.981756 0.30933353 13.3648615 0.4719132 13.418727 24.196642 1.2686269 20.48919 1.4629912 13.313226
SFGC0.124-0.0507 266.527958 -28.856958 9.077404 0.4206963 11.178865 0.55914545 11.690479 17.244585 0.57671154 15.522271 0.7419499 14.852224
SFGC359.390-0.0818 266.12 -29.499272 5.307631 0.12515385 6.3947115 0.18754566 13.1807165 11.780961 0.3310288 10.080529 0.34838238 12.149711
SFGC0.166-0.0449 266.547583 -28.817686 38.497475 1.9339229 49.07763 3.4760125 15.80951 80.48085 2.4357617 67.95284 5.679499 26.0
SFGC359.369-0.0740 266.100083 -29.512536 "" "" 0.34456456 0.052994434 2.7462926 2.2718835 0.75677073 2.4508858 0.4910264 7.49059
SFGC359.400-0.0961 266.139833 -29.498403 5.722388 0.2247467 "" "" "" "" 0.5588586 "" "" ""
SFGC359.429-0.0857 266.147333 -29.467958 10.809941 0.8996601 13.576553 1.408427 13.769941 35.825596 2.6750164 30.098597 3.8616486 16.665632
SFGC359.432-0.0925 266.155667 -29.469153 10.219137 0.8998811 12.973013 1.5105625 14.764875 32.282524 2.9062486 27.1551 4.7165112 18.735428
SFGC359.437-0.0891 266.155375 -29.4631 9.40142 0.6241492 11.779518 1.1304445 15.93078 31.489496 2.0897353 "" "" 26.0
SFGC359.438-0.0902 266.156958 -29.462906 7.4796624 0.47254452 "" "" "" 27.34821 1.6840773 25.539 3.7510247 25.713633
SFGC359.438-0.0804 266.147375 -29.457644 11.710529 0.5671528 14.2547035 0.8167173 12.666245 33.542706 1.9566768 28.640308 2.2216964 13.108142
SFGC359.532-0.0663 266.19025 -29.3699 3.4724138 0.13345598 4.24123 0.15870403 10.459867 7.442063 0.31715876 6.085449 0.4829301 17.578552
SFGC359.544-0.0647 266.195875 -29.358833 1.3962874 0.08377465 1.581008 0.07955664 8.352953 2.435772 0.19156055 2.0159276 0.18979907 11.438354
SFGC359.577-0.0720 266.222875 -29.334261 0.83452743 0.07312136 0.891972 0.056776375 6.829668 1.2230595 0.15973553 1.1950932 0.13170971 9.519011
SFGC359.607-0.0743 266.243 -29.310161 2.1307364 0.1747917 2.6912112 0.22486871 11.315779 "" "" 0.48426214 0.06332223 2.8873444
SFGC359.642-0.0804 266.269833 -29.28365 2.9394143 0.18509467 3.1397495 0.1765414 8.389361 5.3282094 0.693077 4.631251 0.55602366 9.261627
SFGC359.663-0.0219 266.225167 -29.235233 2.4814813 0.21626522 "" "" 20.0 15.256171 0.69547886 "" "" 26.0
SFGC359.673+0.0102 266.199583 -29.210097 0.5034212 0.08421374 0.28314978 0.032840356 3.4300554 "" "" "" "" 26.0
SFGC359.750-0.0054 266.260917 -29.15265 7.573125 0.49974585 10.36741 0.97567934 17.172523 10.462601 1.3445275 "" "" ""
SFGC359.850+0.0075 266.308333 -29.060058 1.1596793 0.22818129 "" "" "" 1.8302193 0.5119019 "" "" ""
SFGC359.856+0.0036 266.315875 -29.056875 11.330518 1.4864179 14.238017 3.1815972 18.826973 21.65917 2.2632105 "" "" ""
SFGC359.861+0.0041 266.318042 -29.052814 26.731874 1.2410657 33.832687 2.1644228 15.339935 47.314056 1.7664675 39.13652 2.551657 16.67601
SFGC359.864-0.0157 266.339458 -29.060244 1.3069257 0.1018399 1.5423589 0.11548535 9.974361 1.485359 0.30688477 1.4376618 0.17925586 6.7433167
SFGC359.875-0.0205 266.3505 -29.053611 6.28385 0.21377885 7.283889 0.26672575 10.974289 8.895565 0.5681896 7.8191624 0.6766054 13.747309
SFGC359.916-0.0793 266.432208 -29.049319 2.8472013 0.1393712 "" "" "" 2.193648 0.34369123 1.9944977 0.22321911 7.4978795
SFGC359.920-0.1001 266.455208 -29.056472 2.9103627 0.15107289 2.7463093 0.09232339 5.3752837 5.2814565 0.53193 4.5721054 0.5114094 11.099151
SFGC359.921+0.0126 266.345917 -28.996694 1.3355408 0.14039595 1.4752343 0.1081019 6.7725925 5.66648 0.34832838 "" "" ""
SFGC359.926-0.0409 266.401042 -29.020333 17.32089 1.0565073 21.967838 1.7547991 14.609357 62.77167 4.676143 53.100773 7.9663377 19.667377
SFGC359.927-0.0528 266.413167 -29.025853 5.185941 0.7060456 6.581464 0.8142347 10.143621 19.144547 3.6387298 17.306137 4.2973504 13.634101
SFGC359.928-0.0440 266.40525 -29.020314 14.285593 1.8610568 17.961815 3.6551247 17.275028 62.440758 6.9304724 "" "" ""
SFGC359.933-0.0442 266.408042 -29.016633 58.541782 6.4471817 "" "" 20.0 348.8687 27.202076 290.4648 52.427494 22.25013
SFGC359.934-0.0475 266.412167 -29.017042 149.03032 5.8097157 182.44484 8.088039 12.245163 608.88916 18.90199 520.5489 23.642302 14.439685
SFGC359.934-0.0467 266.411417 -29.016511 169.97623 6.258518 203.83508 8.516851 11.969714 557.458 12.230335 474.83423 14.192786 13.396915
SFGC359.935-0.0493 266.41425 -29.017608 112.63912 4.5189295 "" "" 20.0 418.47406 18.4516 "" "" 26.0
SFGC359.936-0.0542 266.419458 -29.019436 15.173061 3.1445866 22.968864 4.380038 12.251535 70.10145 13.934374 63.225235 20.428892 16.925163
SFGC359.937-0.0309 266.397458 -29.006258 3.3207383 0.35534555 4.15273 0.3430512 8.491497 7.3655133 1.3345866 7.51361 1.0863947 9.397588
SFGC359.940-0.0472 266.415458 -29.011694 72.25519 9.86163 "" "" "" "" 22.820837 "" "" ""
SFGC359.945-0.0397 266.41075 -29.004122 72.86993 8.809505 "" "" 20.0 161.00853 14.006579 132.73982 22.950476 18.916254
SFGC359.950-0.0508 266.424875 -29.005103 67.94062 16.89495 87.50107 23.645346 12.310196 "" "" "" "" ""
SFGC359.953-0.0485 266.424292 -29.001689 49.325676 7.906754 "" "" 20.0 "" 37.508263 "" "" ""
SFGC359.956+0.0125 266.366625 -28.967103 "" "" 0.29955378 0.059368625 2.7648304 "" "" "" "" ""
SFGC359.957-0.0389 266.417125 -28.993444 28.411524 1.349774 "" "" "" 124.49193 9.172277 "" "" 26.0
SFGC359.960-0.0280 266.408375 -28.984978 8.021629 0.61043894 "" "" 20.0 34.4709 2.0404503 "" "" ""
SFGC359.962-0.0248 266.406583 -28.981608 7.4474797 0.6760564 8.857604 0.917223 11.933511 22.770489 2.02391 18.50785 3.8342845 21.871
SFGC359.963-0.0316 266.413875 -28.984083 24.28234 1.4745492 32.598274 3.5551107 20.0 109.800674 4.2899995 92.115265 7.7615232 20.88648
SFGC359.981+0.0240 266.370375 -28.939789 15.62286 2.2030504 "" "" "" 46.330624 3.5732827 "" "" ""
SFGC359.984+0.0121 266.383542 -28.943603 16.859447 1.5836495 21.837011 2.9981515 16.652166 44.34073 3.7761722 37.132328 5.1144824 15.635991
SFGC359.990+0.0076 266.391792 -28.940572 14.876839 1.5736521 "" "" "" 31.00581 3.2718966 "" "" ""
SFGC359.997-0.1746 266.573375 -29.029928 3.6829727 0.22311153 4.532874 0.32995203 13.007835 9.92901 0.431423 8.010256 0.5601012 14.987829
SFGC0.013-0.1170 266.526875 -28.986072 0.6663504 0.11394173 0.7604941 0.054897018 4.2378163 "" "" 0.41022125 0.11044314 3.6225502
SFGC0.018+0.0039 266.411667 -28.919119 0.95117885 0.14759359 1.1848397 0.108254194 6.451392 2.9226058 0.4083499 2.7789242 0.40812707 11.538212
SFGC0.020-0.1190 266.533 -28.981017 2.0389044 0.097933844 2.4679549 0.12959254 11.639208 9.611898 0.38464177 8.232584 0.63494974 19.05717
SFGC0.022-0.0817 266.497958 -28.959631 2.191421 0.10318961 2.4942296 0.103976935 8.862928 2.727 0.35754466 2.5856497 0.31905285 10.301674
SFGC0.034-0.1132 266.535542 -28.966306 5.4446697 0.15504493 6.8687043 0.25992557 14.745777 11.554318 0.36533624 9.801248 0.557277 17.609781
SFGC0.060+0.0196 266.4215 -28.874856 5.1400332 0.3266527 5.824213 0.33525443 9.027438 6.4140043 1.0194796 6.3358274 0.8548016 9.6797085
SFGC0.069+0.0445 266.402708 -28.854067 13.463614 0.95557475 17.140018 1.88402 17.341915 54.60068 3.1004694 46.99295 4.917649 18.310728
SFGC0.079-0.0851 266.53525 -28.912694 0.4655332 0.11232144 0.12543462 0.022309855 1.7470701 "" "" "" "" ""
SFGC0.092-0.0130 266.472583 -28.864103 8.860612 0.60470015 11.181441 0.83731604 12.17939 10.532438 1.2209698 "" "" ""
SFGC0.093-0.0003 266.460542 -28.857125 4.5558057 1.1739644 8.651755 1.3506598 10.119692 9.192523 2.134493 10.818302 2.9868443 16.154495
SFGC0.095+0.0139 266.448083 -28.847561 25.247644 1.8313707 "" "" "" 36.84869 4.780525 "" "" ""
