Data/SFGC_ShortCatalog_Journal.ecsv
# %ECSV 1.0
# ---
# datatype:
# - {name: SourceID, datatype: string}
# - {name: ra, datatype: float64}
# - {name: dec, datatype: float64}
# - {name: _25um_Flux_8pix, datatype: float32, format: '{:13.4g}'}
# - {name: _25um_Flux_8pix_err, datatype: float32, format: '{:13.4g}'}
# - {name: _25um_Flux_G2D, datatype: float32, format: '{:13.4g}'}
# - {name: _25um_Flux_G2D_err, datatype: float32, format: '{:13.4g}'}
# - {name: fwhm25, datatype: float32, format: '{:13.4g}'}
# - {name: _37um_Flux_10_5pix, datatype: float32, format: '{:13.4g}'}
# - {name: _37um_Flux_10_5pix_err, datatype: float32, format: '{:13.4g}'}
# - {name: _37um_Flux_G2D, datatype: float32, format: '{:13.4g}'}
# - {name: _37um_Flux_G2D_err, datatype: float32, format: '{:13.4g}'}
# - {name: fwhm37, datatype: float32, format: '{:13.4g}'}
# schema: astropy-2.0
SourceID ra dec _25um_Flux_8pix _25um_Flux_8pix_err _25um_Flux_G2D _25um_Flux_G2D_err fwhm25 _37um_Flux_10_5pix _37um_Flux_10_5pix_err _37um_Flux_G2D _37um_Flux_G2D_err fwhm37
[from data line 364]
SFGC359.572-0.0573 266.205042 -29.331464 4.690234 0.075656146 3.9051914 0.029996008 2.768732 5.4549484 0.1535869 4.556352 0.07119748 3.9917283
SFGC0.679-0.0618 266.866917 -28.388211 1.6606492 0.16117647 1.8746359 0.14762543 8.056302 6.2593136 0.44111305 "" "" 26.0
SFGC359.948-0.0184 266.391792 -28.990361 0.82797915 0.2036101 1.3889073 0.13281052 5.737324 2.4843075 0.6204254 3.2402217 0.35275105 6.563784
SFGC359.538-0.0643 266.191833 -29.363769 "" "" 0.24659906 0.032781262 2.5450797 "" "" 0.24309014 0.05715564 2.1347606
SFGC0.333-0.0618 266.662875 -28.683947 31.425177 0.3809033 34.585293 0.33616358 7.7626877 80.99588 1.2128652 71.74611 0.9903601 9.426622
SFGC359.990-0.0532 266.451167 -28.972036 1.2675875 0.13975403 "" "" "" 5.7210507 0.39843726 4.558826 0.35126805 10.177809
SFGC0.668-0.0906 266.888458 -28.412656 "" "" 0.2488596 0.031290714 2.81492 2.1570995 0.42635533 2.032817 0.3156433 8.546739
SFGC359.985-0.0538 266.448333 -28.977275 "" "" 0.19562165 0.03545118 2.6243587 "" "" 1.1961843 0.1366125 4.3648067
SFGC359.757+0.0046 266.255375 -29.141283 "" "" 0.4823927 0.059138738 2.5807552 "" 0.525626 "" "" ""
SFGC359.439-0.0895 266.156708 -29.461814 11.009567 0.5883665 13.983244 1.2208893 18.251753 37.062702 1.620544 32.418713 2.2079742 15.729276
SFGC359.937+0.0296 266.338292 -28.974906 4.291471 0.13929112 5.207744 0.17110004 10.804456 15.327492 0.503572 13.363437 0.48951587 11.222271
SFGC359.580-0.0792 266.231583 -29.33575 1.4885132 0.08961914 1.5903851 0.06998331 6.868627 3.0801718 0.17109086 2.6175709 0.15220138 10.269926
SFGC0.059+0.0221 266.418375 -28.874536 6.9576664 0.29528522 8.203292 0.4261185 12.693017 7.2252836 0.7867512 "" "" 26.0
SFGC359.882-0.0102 266.344708 -29.042047 1.1919662 0.18294817 1.423342 0.23320428 11.21204 7.8966026 0.5753681 6.8235054 0.5587496 11.211067
SFGC359.946-0.0360 266.407708 -29.001361 24.515385 3.16706 "" "" 20.0 53.92259 3.4776947 47.01107 4.0843143 13.558238
SFGC0.337-0.0128 266.617333 -28.655333 76.63507 0.8439113 85.531296 0.78729594 8.205733 113.99173 1.7066967 97.95778 1.5324478 10.365849
SFGC0.071+0.0050 266.442375 -28.872894 1.0626757 0.28456417 1.3951435 0.19996592 6.1809034 4.7249265 0.94014496 5.263097 0.6566002 8.062722
SFGC359.979+0.0266 266.366625 -28.940189 31.226728 1.407918 36.779076 1.5502301 9.684897 64.15131 2.3153095 53.10435 2.3682718 11.808589
SFGC0.489-0.0746 266.767583 -28.557039 111.24461 1.4257808 140.18742 2.4498558 15.113462 214.5201 2.5134506 176.60364 3.3555043 15.412141
SFGC0.011+0.0364 266.375792 -28.908217 70.677444 2.2358007 "" "" "" 130.62541 3.2713444 "" "" ""
SFGC359.547-0.0525 266.185333 -29.350392 1.0830672 0.14028095 1.0963968 0.08103983 5.081314 2.3577213 0.32522535 2.3516042 0.19117166 6.786012
SFGC0.089+0.0596 266.4 -28.828908 4.402301 0.26923105 5.8155465 0.3713524 12.132137 16.626764 0.76798266 14.393355 0.63820636 9.59368
SFGC0.199-0.0657 266.587083 -28.800825 28.61331 1.0118675 35.0963 1.4909964 12.96072 83.0096 2.5045767 68.9643 3.0652678 14.128941
SFGC0.184+0.0305 266.484458 -28.763389 2.8185914 0.12740842 3.048484 0.118518084 8.182061 5.4971733 0.27249113 5.296481 0.20130283 8.528508
SFGC0.310-0.0660 266.653583 -28.705519 "" "" "" "" "" 1.7866248 0.38625026 1.9193425 0.20378394 6.090833
SFGC0.667-0.0358 266.834792 -28.384742 53.505325 0.3053016 60.053703 0.28829423 8.305831 744.45306 3.335488 666.58624 2.7304251 9.450317
SFGC359.858+0.0013 266.318875 -29.057042 23.85161 1.4161563 30.436365 3.0044577 18.660837 45.816658 2.10759 38.161716 3.7731056 20.66752
SFGC0.529-0.0852 266.801625 -28.528222 23.19303 1.102444 29.656834 1.8936841 15.108704 52.723125 1.9361142 45.698883 2.4405313 14.552208
SFGC359.598-0.0423 266.2065 -29.300814 9.541299 0.18534264 11.143164 0.21978104 10.430163 18.149357 0.41626766 14.868516 0.4527885 12.557358
SFGC359.742+0.0065 266.244708 -29.152908 0.71503794 0.11095747 0.7390352 0.039130393 3.1019435 "" "" 0.37982354 0.0500186 2.537393
SFGC0.157+0.0892 266.411458 -28.755689 "" "" 0.4383458 0.065215014 3.4616737 "" "" "" "" ""
SFGC0.167-0.0504 266.553125 -28.820189 25.244762 1.5751649 31.419044 2.4001162 13.402396 33.02127 1.527301 27.350538 1.6854112 12.739629
SFGC0.080-0.0505 266.501583 -28.894464 2.7363317 0.21348184 3.3550634 0.28185686 11.612986 5.7000723 0.3439744 "" "" ""
SFGC359.930-0.0428 266.405208 -29.018044 18.678 1.6633674 "" "" "" 90.17298 9.9929495 "" "" 26.0
SFGC0.199+0.0357 266.488458 -28.747781 4.0202303 0.16003332 4.831929 0.20405781 11.21551 17.272491 0.4417009 15.114758 0.41435364 10.829749
SFGC359.403-0.0063 266.053917 -29.448567 5.723749 0.10761244 4.9644604 0.03926054 2.7980056 4.8405457 0.25603896 3.9810252 0.09562111 3.5565577
SFGC0.517-0.0478 266.75825 -28.518956 12.148554 0.95839113 15.896271 2.4155395 20.0 53.93006 1.6314373 43.99692 2.5891798 18.321766
SFGC0.481+0.0695 266.622458 -28.489522 1.714217 0.16706285 2.422089 0.20713365 10.905537 9.614779 1.5234514 8.694806 1.7030195 12.905253
SFGC0.333-0.0644 266.665542 -28.684994 9.069742 0.49056545 "" "" "" 37.3843 1.6415614 "" "" ""
SFGC0.184+0.0398 266.475708 -28.758178 3.1650512 0.31572586 3.9485772 0.36652893 10.211143 5.4912343 0.6230554 5.7756824 0.5465972 10.127827
SFGC0.031-0.0882 266.50925 -28.955961 15.134223 0.097124 14.218521 0.045625903 4.1320076 15.627647 0.33803773 13.784791 0.14688316 5.016287
SFGC0.217-0.1219 266.65275 -28.814208 1.5710201 0.18612541 1.9858502 0.29291245 13.842304 7.3456135 0.49346706 6.0243716 0.3542186 8.286836
SFGC0.087-0.0588 266.514042 -28.892583 1.445065 0.12270375 1.633366 0.13526362 9.696151 6.068459 0.32356787 5.198512 0.28700292 10.239918
SFGC359.568-0.0695 266.215 -29.340694 1.7491891 0.083418906 1.7308699 0.05366403 5.6584177 5.862572 0.16578375 5.166226 0.121214315 8.440875
SFGC0.579-0.0449 266.7915 -28.465214 11.734166 0.18476187 13.758309 0.21600278 10.28308 30.547829 0.52576864 "" "" ""
SFGC359.936-0.0677 266.433208 -29.025794 1.5682524 0.11737151 1.8006489 0.114751995 8.599511 9.87062 0.3913361 8.709702 0.3812206 11.246101
SFGC359.464-0.0966 266.178917 -29.443903 4.0049667 0.101637356 4.398608 0.103792325 8.982311 9.288408 0.31779152 8.822123 0.26109505 9.48488
SFGC0.520-0.0400 266.752375 -28.512508 6.9074664 0.43613344 8.142513 0.52750254 10.638524 20.76668 1.2229266 19.260408 1.4703066 13.879794
SFGC0.195-0.0687 266.587917 -28.805311 21.077509 0.63906044 25.497223 0.6849202 9.427016 58.04522 1.465417 48.759975 1.1865836 9.34787
SFGC359.909-0.0282 266.37825 -29.028531 0.50221175 0.11031013 0.4980843 0.048142936 3.8387816 1.0477248 0.2504211 "" "" ""
SFGC359.603-0.0592 266.225833 -29.305631 0.53031707 0.08556503 0.40738136 0.039633747 4.0742254 "" "" "" "" ""
SFGC0.197-0.0638 266.584542 -28.800856 16.661558 1.7195834 21.393196 2.4320216 12.4400015 57.921947 3.92898 48.80858 4.846246 14.23971
SFGC359.548-0.0483 266.182292 -29.346647 3.434776 0.1298505 3.0136242 0.049349606 3.3428454 4.8586135 0.32458082 4.5640507 0.13169594 4.6840878
SFGC0.069-0.0023 266.44825 -28.878503 "" "" 0.67752993 0.12652966 4.471079 "" "" 2.7945457 0.3486585 5.854331
SFGC0.060-0.0687 266.507625 -28.920825 10.834281 0.18943664 12.51391 0.20268232 9.410833 6.4082294 0.36457506 5.7398725 0.26799905 8.486367
SFGC0.482-0.0369 266.726458 -28.544039 13.85477 0.115462594 13.512109 0.06971482 4.4512935 23.77959 0.269094 21.166029 0.14780052 5.323339
SFGC0.598-0.0471 266.805167 -28.449558 16.486723 0.49473032 "" "" "" 92.52224 1.8750747 "" "" 26.0
SFGC0.669-0.0350 266.835292 -28.382528 31.11951 0.40419102 "" "" 20.0 501.57928 4.689072 389.7411 6.5099235 16.027452
SFGC0.515-0.0619 266.770583 -28.528325 3.7390397 0.14146224 4.124488 0.1299502 8.080024 4.406268 0.56423914 5.6642613 0.36501834 7.4683905
SFGC0.623-0.0615 266.833958 -28.435606 0.7526788 0.098775215 0.984587 0.101911 9.075056 5.9904013 0.22395124 5.471327 0.19302417 9.950245
SFGC0.115-0.0426 266.51475 -28.860475 1.6757714 0.25016665 "" "" 20.0 8.898731 0.808345 "" "" 26.0
SFGC359.506-0.0669 266.175333 -29.392139 1.4100182 0.14086923 1.3419199 0.073948555 4.6173177 6.3353753 0.3364665 "" "" 26.0
SFGC0.142+0.0262 266.463917 -28.801242 13.826135 0.43835077 16.44758 0.56684136 11.374072 50.85339 1.9288859 43.20227 2.1489947 12.861876
SFGC359.544-0.0861 266.216792 -29.369917 3.5133028 0.10347494 2.962028 0.034796104 2.5244071 6.79197 0.18177247 5.3012557 0.076232925 4.8416123
SFGC0.080+0.0543 266.39975 -28.839447 5.0049562 0.55299914 6.4791636 0.98765993 15.709385 21.046736 1.6607484 18.880848 1.7979575 12.498306
SFGC0.088+0.0833 266.375917 -28.818072 1.2905473 0.24405259 1.4269059 0.15771191 5.684042 8.496333 0.5586847 7.4694037 0.49151167 10.156466
SFGC359.597-0.0903 266.252708 -29.326942 2.1609576 0.15167962 1.8101772 0.06816957 3.953116 4.9479146 0.20296721 4.075042 0.10455818 5.947133
SFGC359.482-0.0800 266.173458 -29.420003 3.200715 0.088959716 3.5134838 0.08088035 7.9969773 7.5700226 0.18576041 6.7598305 0.17791125 11.056706
SFGC0.305-0.0724 266.656333 -28.713706 2.8230295 0.12047914 3.3388238 0.13664202 9.975821 3.3234735 0.32356614 3.2533507 0.26352233 9.402208
SFGC0.099-0.0555 266.518083 -28.880369 3.2048347 0.2230771 3.8923523 0.18526961 7.305087 1.9485421 0.46390304 3.0585344 0.28118923 6.9975657
SFGC0.164+0.0213 266.482 -28.784806 2.4723568 0.27231827 "" "" 20.0 14.815764 0.5538318 12.538112 0.630773 13.1483345
SFGC359.408-0.0241 266.0745 -29.453375 15.938805 0.100194804 16.302877 0.0713323 6.2620606 35.46168 0.31200314 31.917604 0.2339853 8.657752
SFGC359.577-0.0909 266.241042 -29.344672 1.910013 0.16874894 1.8488243 0.05396747 2.8129838 4.0929427 0.29429725 2.4362738 0.092243075 3.6184545
SFGC359.943-0.0469 266.417 -29.009078 856.25946 20.836231 1056.9258 29.875349 12.611596 865.12286 36.37271 753.53345 40.224316 12.76699
SFGC359.924-0.0069 266.366458 -29.004731 1.4517912 0.13032444 1.2650211 0.07085693 4.7822547 7.5772142 0.40532693 6.484801 0.44427636 12.653868
SFGC0.071-0.0198 266.46625 -28.886283 4.1435914 0.18050271 4.8173018 0.1983661 9.666293 16.306232 0.5507903 14.201198 0.5249299 11.002479
SFGC0.013-0.0645 266.475417 -28.959058 12.573051 0.17174517 14.429506 0.1803475 9.236381 13.477729 0.36846378 11.554575 0.36617693 11.47286
SFGC0.171-0.0341 266.539667 -28.808278 2.5479963 0.8354819 3.493288 1.0319569 10.864275 16.575827 0.8077905 13.542907 0.7960962 11.377382
SFGC359.449-0.0851 266.158792 -29.450561 1.7145908 0.17467992 "" "" "" 13.313456 0.41546163 11.683126 0.406751 11.302466
SFGC359.409-0.0386 266.089458 -29.460028 9.082037 0.16350853 10.937796 0.20781052 11.179009 23.424416 0.42321822 20.090904 0.4632449 12.636355
SFGC0.642-0.0920 266.874917 -28.435031 8.4262905 0.30323058 10.268675 0.4629772 13.429592 47.42134 1.2216874 40.218388 1.7414533 16.456112
SFGC359.384-0.0760 266.110625 -29.5014 1.6618152 0.106807895 1.8613051 0.08411886 6.9273353 4.0940833 0.312662 4.0070314 0.26771793 9.885028
SFGC0.166-0.0473 266.54975 -28.819194 24.70229 2.9331622 33.703445 6.6412244 19.915365 40.70377 4.5438905 "" "" 26.0
SFGC359.432-0.0839 266.147542 -29.464125 3.6915247 0.84224474 5.531407 1.134631 11.849296 16.73561 2.15557 15.979408 2.2111971 11.842431
SFGC0.108-0.0272 266.496 -28.857708 4.1053553 0.13005894 4.747234 0.14464806 9.782472 11.702164 0.39340904 "" "" 26.0
SFGC0.114-0.0328 266.504708 -28.855994 2.188153 0.11625283 2.3980608 0.10951972 8.286384 8.487174 0.33214262 7.705453 0.27874961 9.688693
SFGC359.972-0.0010 266.38925 -28.960739 1.9946569 0.1379608 2.2072544 0.12232226 7.7987676 "" "" 0.64648765 0.13746609 4.3769774
SFGC359.423-0.0951 266.152917 -29.477967 4.788739 0.33158848 6.087079 0.58208275 15.440506 30.576235 0.829616 24.97348 1.2860464 17.895962
SFGC0.166+0.0198 266.484375 -28.784119 2.8083413 0.2454003 3.3011677 0.23534638 8.435458 8.67535 0.4846674 7.704881 0.48008388 11.435334
SFGC0.076+0.0278 266.422875 -28.857164 3.8255332 0.31395787 4.492321 0.3292327 9.223756 8.795413 0.63443094 7.7181587 0.5358914 9.751423
SFGC359.995-0.0433 266.4445 -28.962653 "" "" 0.09858495 0.023834854 1.1097056 2.7980165 0.492034 2.4715586 0.24826585 5.82502
SFGC0.041-0.0978 266.5245 -28.952414 0.4770603 0.12721388 "" "" "" 0.87298447 0.26967686 1.0145446 0.11140799 4.769229
SFGC359.420-0.0394 266.09675 -29.451125 1.5742128 0.09404107 1.4829067 0.04445903 4.1583266 3.968854 0.22036833 3.589433 0.1406152 7.366456
SFGC0.196-0.0613 266.581292 -28.800572 29.154253 1.2740163 36.171825 1.7975621 12.410382 82.555565 2.9281888 66.8826 3.7233598 14.679506
SFGC359.950-0.0755 266.448792 -29.018264 0.8516747 0.09851664 0.9079525 0.08171785 7.295978 9.243485 0.3399743 7.8081713 0.43869162 14.896655
SFGC0.068+0.0391 266.407542 -28.857411 18.718483 0.7917178 23.271135 1.4390124 15.9871235 64.16866 2.3014932 54.40676 3.5153968 17.633568
SFGC0.187+0.0086 266.508042 -28.771661 0.99588364 0.16661666 1.0600734 0.09166661 4.8391485 6.25698 0.39053684 5.644866 0.3096404 9.153162
SFGC0.111-0.0696 266.539125 -28.877194 1.806317 0.11495122 2.0814192 0.096106075 7.3538275 4.857315 0.2740121 4.0606675 0.15793857 6.6541715
SFGC359.928-0.0280 266.3895 -29.012147 "" "" "" "" 20.0 5.2564983 0.41410163 4.3019757 0.26527682 7.395506
SFGC359.977-0.0573 266.44725 -28.985683 1.6358552 0.12041041 1.7252892 0.08456598 6.1774306 2.965536 0.30213693 2.612213 0.17529936 6.6981072
SFGC359.514-0.0740 266.186708 -29.389531 0.7514215 0.09466857 0.6558585 0.034536548 3.2088497 "" "" 0.5300084 0.07998021 3.6314712
SFGC359.999-0.1693 266.5695 -29.0254 3.1858907 0.27740142 3.8270652 0.47258902 14.984808 5.9937725 0.54661614 5.364305 0.5081093 10.731247
SFGC0.137-0.0822 266.566833 -28.861622 4.4270754 0.31657302 "" "" "" "" 0.6151572 "" "" ""
SFGC0.658-0.0413 266.835 -28.395025 31.28696 0.13380809 30.154232 0.076666184 5.039619 235.8189 0.5034792 213.18826 0.26879975 6.163436
SFGC0.677-0.0267 266.831875 -28.371497 "" "" "" "" "" 10.810095 0.51732206 10.4077425 0.38061342 8.493733
SFGC359.868-0.0194 266.345333 -29.058828 4.803671 0.19076817 6.148751 0.219411 10.116463 9.209079 0.40270108 8.426536 0.33787683 9.686149
SFGC359.562-0.0819 266.223042 -29.352969 7.24592 0.127978 8.259524 0.1298789 8.926464 10.973513 0.25355783 9.706844 0.23979533 10.917903
SFGC359.467-0.0738 266.158625 -29.429183 5.167509 0.09535042 5.077867 0.056428798 4.326007 9.5032215 0.24725233 8.177976 0.16593379 7.747649
SFGC359.966-0.0312 266.415167 -28.981428 21.174492 1.556349 "" "" "" 94.24784 3.4858992 "" "" ""
SFGC0.074+0.0208 266.428833 -28.862094 8.808544 0.3252071 9.779553 0.31437746 8.502911 24.373053 1.2567211 22.00315 1.0864387 9.980259
SFGC359.408-0.0306 266.080667 -29.457033 1.3663309 0.10804255 1.3371972 0.06207634 5.053677 2.2348473 0.3468476 2.2200437 0.15442689 5.1399603
SFGC0.092+0.0080 266.452042 -28.853386 29.99763 1.6992197 40.49621 2.6307526 13.617791 90.20332 3.6148577 73.523346 5.178806 16.539179
SFGC0.656-0.0433 266.835792 -28.397756 3.4463274 0.18947372 "" "" "" 52.519993 1.1715653 "" "" 26.0
SFGC0.285-0.0780 266.650542 -28.732903 3.8719556 0.15610817 3.6873147 0.07736948 4.3593354 12.0390835 0.34735602 10.32262 0.24198522 8.042472
SFGC359.459-0.0824 266.161875 -29.44105 0.89994985 0.13094854 1.0331497 0.109001964 7.321665 4.7381926 0.4568406 "" "" ""
SFGC359.649-0.0830 266.276292 -29.279281 2.3596494 0.1449072 3.0256846 0.16369006 9.93593 10.734712 0.8023305 8.718799 1.3099619 18.848679
SFGC0.158+0.0192 266.480292 -28.791214 0.64089257 0.19907999 0.8122994 0.09447403 4.1740828 6.3578095 0.5967005 6.089845 0.42790756 8.278832
SFGC359.937-0.0093 266.376625 -28.994708 0.42102674 0.123046264 0.62333417 0.060787026 4.345289 "" "" 0.4577234 0.14200734 4.3984237
SFGC359.505-0.1076 266.214333 -29.414683 16.384258 0.15024693 13.686962 0.050205443 2.5469837 7.9120307 0.22993772 6.6734314 0.07322384 3.6763577
SFGC359.941+0.0150 266.35525 -28.978694 17.726213 0.3436635 22.16508 0.6887209 17.62731 43.780403 2.3034778 36.878605 3.1631923 15.853206
SFGC359.938-0.0736 266.44 -29.027203 3.0636065 0.1250785 3.3063097 0.119266935 8.387135 "" "" 1.3317513 0.35927883 7.5142903
