Data/SFGC_ShortCatalog_Journal.ecsv
# %ECSV 1.0
# ---
# datatype:
# - {name: SourceID, datatype: string}
# - {name: ra, datatype: float64}
# - {name: dec, datatype: float64}
# - {name: _25um_Flux_8pix, datatype: float32, format: '{:13.4g}'}
# - {name: _25um_Flux_8pix_err, datatype: float32, format: '{:13.4g}'}
# - {name: _25um_Flux_G2D, datatype: float32, format: '{:13.4g}'}
# - {name: _25um_Flux_G2D_err, datatype: float32, format: '{:13.4g}'}
# - {name: fwhm25, datatype: float32, format: '{:13.4g}'}
# - {name: _37um_Flux_10_5pix, datatype: float32, format: '{:13.4g}'}
# - {name: _37um_Flux_10_5pix_err, datatype: float32, format: '{:13.4g}'}
# - {name: _37um_Flux_G2D, datatype: float32, format: '{:13.4g}'}
# - {name: _37um_Flux_G2D_err, datatype: float32, format: '{:13.4g}'}
# - {name: fwhm37, datatype: float32, format: '{:13.4g}'}
# schema: astropy-2.0
SourceID ra dec _25um_Flux_8pix _25um_Flux_8pix_err _25um_Flux_G2D _25um_Flux_G2D_err fwhm25 _37um_Flux_10_5pix _37um_Flux_10_5pix_err _37um_Flux_G2D _37um_Flux_G2D_err fwhm37
[from data line 120]
SFGC359.919-0.0553 266.410417 -29.034494 4.2666116 0.1703064 4.2593455 0.114157185 2.99941 28.082922 1.9753329 22.748905 3.0363882 17.745676
SFGC0.666-0.0506 266.848708 -28.393194 11.569218 0.15934832 11.660921 0.10167908 5.6125517 32.901485 0.41855437 30.05357 0.24520333 6.7631655
SFGC359.925+0.0325 266.328917 -28.982842 0.4688229 0.09943976 0.45475292 0.035757042 3.1628437 0.887322 0.2769758 1.2773718 0.15269512 6.36442
SFGC0.165-0.0582 266.559833 -28.825558 94.50987 0.41918856 98.301056 0.28752628 6.033153 84.45525 1.4110649 74.66267 0.77694964 6.3565493
SFGC0.563-0.0441 266.781292 -28.478425 9.550316 0.11771208 9.70484 0.08211012 6.135527 25.56937 0.25651383 22.884026 0.17889884 8.051415
SFGC359.996-0.1440 266.543208 -29.014511 2.4091191 0.12108161 1.7333112 0.043685254 2.4158545 3.5657034 0.29889497 2.1547508 0.10854353 4.192382
SFGC0.070+0.0465 266.40125 -28.852239 12.080637 0.7626318 15.262772 1.6735547 19.30195 45.39998 2.4220104 39.385246 3.7601066 17.922546
SFGC0.023+0.0297 266.389708 -28.901203 15.953557 0.4904991 19.569702 0.64109224 11.496311 31.734116 1.0406904 28.06462 1.2589774 13.965996
SFGC359.427-0.0918 266.152125 -29.472847 5.4544744 0.9266313 7.2304363 1.1701095 11.106975 17.385832 2.2953417 14.692181 1.895653 9.534261
SFGC0.129-0.0204 266.501417 -28.836831 3.5387962 0.2921866 4.342278 0.27645287 8.322178 9.946666 1.116141 "" "" ""
SFGC0.527-0.0966 266.811417 -28.535989 5.839617 0.15650208 6.619685 0.1466122 8.239981 8.771057 0.38300902 7.804836 0.31188077 9.40059
SFGC0.632-0.0277 266.805958 -28.410953 36.004917 0.49937284 43.15507 0.5835173 10.277915 123.76921 2.1351664 103.80978 2.093144 11.317303
SFGC359.945-0.0449 266.415958 -29.0067 184.09535 34.423515 "" "" "" 374.34732 42.948814 "" "" ""
SFGC0.086+0.0111 266.44525 -28.857161 5.9355783 0.5527535 7.0226626 0.55319166 8.802789 9.296572 1.8245034 10.336109 1.267589 8.020645
SFGC359.925+0.0153 266.34525 -28.992392 0.3979159 0.114211835 0.7425887 0.041209333 3.1736622 "" "" "" "" ""
SFGC0.305-0.0609 266.645417 -28.707447 1.050944 0.19477981 1.3496783 0.2049572 9.255405 "" "" "" "" ""
SFGC0.108-0.0005 266.469625 -28.844292 1.95579 0.20769307 2.120934 0.14990099 6.3483186 1.5293015 0.4127082 1.5817466 0.1849124 5.1724753
SFGC0.062-0.1362 266.574625 -28.954372 9.627918 0.13968264 10.896852 0.13535564 8.523346 15.610171 0.34847528 13.70093 0.31119576 10.30949
SFGC0.033+0.0290 266.396208 -28.893083 20.215504 0.21313636 18.968699 0.112233214 3.9871633 28.261427 0.46733564 26.28459 0.24829748 5.35222
SFGC359.945-0.0507 266.421708 -29.009425 540.0293 25.148323 639.6486 30.68174 10.731173 843.93604 20.228285 704.8334 22.31764 12.73693
SFGC359.982-0.0752 266.4675 -28.990889 174.75334 0.85798585 198.72377 0.87273014 8.946972 340.13327 2.416628 298.66602 2.2773774 10.879294
SFGC0.162-0.0365 266.536667 -28.817103 13.260142 1.6536952 17.044748 2.9491117 15.68599 43.97925 3.3276682 35.731125 5.8899393 20.433668
SFGC0.003+0.0163 266.390625 -28.92555 5.6331472 0.26299074 5.0993075 0.10024251 3.3526459 5.3703637 0.58001894 6.510289 0.19005266 3.782747
SFGC359.640-0.0840 266.272292 -29.286986 1.8418232 0.18681891 1.3481337 0.06469807 2.2979927 6.9890113 0.7987836 "" "" ""
SFGC359.443-0.0002 266.071792 -29.411628 1.062871 0.10416469 1.1143239 0.04384058 3.7019622 1.6073133 0.20903823 2.046942 0.07064124 3.901289
SFGC0.636-0.1003 266.879417 -28.444553 3.4827778 0.08875323 3.724326 0.07216691 7.1520443 15.68991 0.30710176 13.888494 0.26414725 9.929773
SFGC0.044-0.0333 266.46375 -28.915894 1.2698572 0.16344248 1.6449928 0.11531535 6.2058086 2.3861527 0.44308892 2.4710436 0.24183561 6.3009334
SFGC0.616-0.0512 266.819792 -28.436314 7.594329 0.15041627 8.549674 0.145235 8.492835 18.312408 0.46622455 15.984621 0.47775936 11.8301325
SFGC359.458+0.0123 266.068958 -29.391817 3.1777391 0.17246799 3.511188 0.13965341 7.122284 7.800142 0.28979123 6.6751122 0.255098 10.162424
SFGC0.189+0.0524 266.466167 -28.747811 4.492436 0.3905862 4.555486 0.16779374 3.778636 6.111257 0.4023243 5.022762 0.13489309 3.8706954
SFGC359.990+0.0298 266.37 -28.929067 "" "" 1.2591269 0.1621138 2.4632707 "" "" "" "" ""
SFGC0.007-0.0884 266.495375 -28.976297 1.6427964 0.09796525 1.607108 0.045710262 4.1040993 2.9144003 0.37799916 2.5659575 0.29517597 9.014999
SFGC359.655-0.0667 266.264458 -29.264944 40.530964 0.13995273 41.11035 0.09695766 6.0936427 61.56167 0.33165848 55.593517 0.2416158 8.410267
SFGC0.113-0.0602 266.531042 -28.870833 12.591828 0.1864931 10.23387 0.080358036 3.7900312 18.128826 0.43191847 13.732727 0.19762222 5.282135
SFGC0.215-0.0218 266.554 -28.763881 0.9392085 0.12834936 1.0002792 0.070105374 4.804341 "" "" 0.7949221 0.12989245 3.7481482
SFGC0.372+0.0338 266.593083 -28.600586 1.5420913 0.081135385 1.414789 0.026459359 2.8684363 1.3189706 0.2066214 1.2390908 0.05775502 3.2269332
SFGC0.315-0.0786 266.668583 -28.708094 0.5854173 0.09867192 0.63076293 0.044977583 4.009394 "" "" 0.5593195 0.07556487 3.2991965
SFGC0.328-0.0671 266.66525 -28.690789 13.321582 0.29709962 13.259805 0.19519256 4.4794574 32.7962 1.3023098 28.582016 0.9226588 8.179041
SFGC0.636-0.0209 266.801792 -28.403931 0.8390132 0.1633897 1.1090333 0.18665655 10.04835 4.677342 0.90165824 3.923798 0.76597786 9.807308
SFGC0.625-0.0443 266.818417 -28.424928 1.7152337 0.08446686 1.9960052 0.09154118 9.53249 5.2554283 0.23334956 "" "" ""
SFGC359.943-0.0445 266.414583 -29.007772 266.8722 19.0671 362.05283 26.670982 12.303554 292.28546 30.074566 233.3569 35.979683 13.811266
SFGC0.649-0.0867 266.873542 -28.426719 0.8450397 0.15738118 0.9656113 0.12079268 6.750937 "" "" 1.4509269 0.25537962 5.196681
SFGC359.945-0.0472 266.418375 -29.007581 892.5619 28.042435 1050.6512 30.521124 9.573286 1075.586 37.84014 896.34174 34.275677 10.457041
SFGC359.966-0.0553 266.43875 -28.993919 11.626082 0.30290043 13.746915 0.40048867 11.629648 31.26855 1.1253296 27.151836 1.3230735 13.573121
SFGC0.077-0.0964 266.544542 -28.920922 1.3603599 0.12061509 1.3736222 0.053918593 3.9319966 5.2671647 0.92014956 5.2569137 0.7121829 8.935289
SFGC0.614-0.0480 266.815625 -28.436228 2.681488 0.16033249 2.801603 0.11191063 6.1394014 9.658482 0.71692765 8.305129 0.5284389 8.509323
SFGC359.424-0.0936 266.152 -29.476442 5.2428145 0.3784013 6.3368344 0.480622 11.1719055 23.902164 1.3284261 20.130041 1.3994462 12.161701
SFGC359.961+0.0099 266.372375 -28.963942 1.2783841 0.124200776 1.3821129 0.067667075 4.792138 3.4114118 0.36487424 3.5776768 0.2194346 6.9428444
SFGC359.939-0.0438 266.411542 -29.010819 99.1448 9.1402025 120.05742 18.067251 17.386513 362.33432 19.421703 305.81616 31.249329 18.575003
SFGC359.423+0.0293 266.031083 -29.412992 "" "" 0.23085956 0.017830031 1.9987546 "" "" "" "" ""
SFGC359.555-0.0409 266.179208 -29.337042 4.1886363 0.14158075 "" "" 20.0 7.646919 0.3791925 6.6090817 0.42650416 12.984914
SFGC0.159-0.0616 266.559667 -28.832264 40.673344 2.7934453 52.2449 4.405528 13.871838 70.199814 3.701402 65.43842 5.8480396 18.23978
SFGC0.187-0.0789 266.592917 -28.817706 6.701905 0.2839899 7.6576066 0.3008551 9.3181715 8.811999 0.5378673 8.076094 0.45719218 9.812942
SFGC0.693-0.0450 266.85925 -28.366922 22.358845 0.20966205 24.30138 0.17885165 7.503248 69.27956 0.8848766 59.60602 0.6901813 9.004425
SFGC359.928+0.0437 266.319542 -28.974775 18.971651 0.72900635 23.021515 0.9165576 11.058715 16.817707 1.410293 14.877493 1.1918391 9.75627
SFGC0.083+0.0633 266.392625 -28.832442 0.8790929 0.26091516 1.1364329 0.098325394 3.3146875 10.943963 1.3051919 9.577742 1.5091941 13.348925
SFGC0.068-0.0872 266.530333 -28.923703 1.4984617 0.10676032 1.9097369 0.261743 20.0 4.161325 0.27798948 3.553038 0.20337896 8.446041
SFGC0.385+0.0161 266.617833 -28.599036 15.034402 1.8164338 21.1761 4.1602454 20.0 59.789875 5.913321 48.57209 9.700694 18.938557
SFGC359.967-0.0815 266.465042 -29.006561 32.178288 0.19590852 30.913603 0.10629601 4.7724333 46.305626 1.0725797 39.746384 0.55524653 5.9762917
SFGC0.224-0.0551 266.592125 -28.773206 1.867678 0.12904482 1.6933866 0.06611143 4.5062184 2.7330422 0.4007752 2.6361437 0.2413162 6.951222
SFGC0.653-0.0600 266.850208 -28.409117 0.78129125 0.17395711 1.0391346 0.11812335 5.9726877 7.696555 0.4742275 6.605869 0.5119817 12.4635935
SFGC0.164-0.0584 266.559167 -28.826928 76.96714 0.6169691 89.29231 0.5514069 7.8611307 83.40496 0.7380583 67.59802 0.57978463 9.068836
SFGC0.642-0.0859 266.868625 -28.432297 1.4701675 0.21954857 1.6785951 0.1362794 5.4597893 7.2230725 1.0381714 6.55371 0.8624225 9.590176
SFGC0.046-0.0699 266.500792 -28.932864 17.526237 0.20141572 20.042128 0.21300445 9.301898 33.073692 0.5200399 "" "" 26.0
SFGC0.201-0.0237 266.547583 -28.776925 1.2061728 0.10234781 "" "" 20.0 "" "" 1.275718 0.39918098 10.397188
SFGC0.164-0.0608 266.5615 -28.828156 30.278076 3.0866172 "" "" 20.0 46.787766 3.9987247 "" "" 26.0
SFGC0.165-0.0601 266.561833 -28.826406 35.60597 0.8764957 35.951027 0.54301006 5.449219 55.963882 1.1613786 "" "" ""
SFGC0.060-0.0179 266.45825 -28.894172 2.401433 0.1417872 2.5583553 0.11279225 6.9971066 7.2681546 0.6329367 "" "" ""
SFGC0.429-0.0108 266.670125 -28.575292 2.7453673 0.15618347 2.0864208 0.05685055 3.2016647 1.623827 0.35269323 1.887888 0.1685345 5.516546
SFGC359.958-0.0291 266.408417 -28.987083 4.6977487 0.55110514 6.259585 0.77023494 12.2932005 11.212656 2.0123246 "" "" ""
SFGC0.632-0.0881 266.865208 -28.441456 1.7982308 0.10251287 1.854558 0.07707706 6.6133714 6.205484 0.5095702 "" "" ""
SFGC0.697-0.0509 266.867292 -28.366608 6.0217123 0.19386978 "" "" "" 18.3806 0.51209056 15.165772 1.0454773 23.569118
SFGC0.489-0.0281 266.722 -28.533408 23.872124 0.34658375 26.993555 0.3138457 7.9649706 64.38241 1.2090088 55.593346 1.2307254 11.751876
SFGC0.052+0.0295 266.407375 -28.876083 40.076187 0.38480943 41.677906 0.28686035 6.556937 47.528744 1.5395637 41.44093 1.0055546 7.540211
SFGC359.988-0.1793 266.572792 -29.039883 "" "" 0.22256689 0.026787374 2.347639 "" "" 0.25767833 0.051651504 2.1560273
SFGC359.435+0.0224 266.044875 -29.406669 5.9595847 0.08634327 6.416424 0.06866954 6.995389 11.283733 0.23690149 10.264823 0.18400866 8.966975
SFGC359.931-0.0567 266.419417 -29.024361 15.151982 0.60715586 19.291918 0.8445385 12.234761 44.11389 2.4469743 39.4775 2.8265266 13.335191
SFGC0.118-0.0875 266.560333 -28.881206 2.8787415 0.20700818 2.8360863 0.119002275 5.05643 5.7772436 0.4299419 5.0525637 0.25404245 6.8213773
SFGC0.182-0.0512 266.563167 -28.807339 1.6375268 0.45150822 2.108886 0.65518034 12.763548 "" "" "" "" ""
SFGC0.197-0.1633 266.681417 -28.852694 "" "" "" "" "" "" "" 1.3228952 0.123710066 4.5157657
SFGC0.191-0.0720 266.58875 -28.810417 5.976203 0.21300729 6.7060347 0.20217112 8.348354 10.538225 1.0414935 9.609776 0.9865688 10.935693
SFGC359.922-0.0697 266.426625 -29.039031 12.657257 0.15079992 13.746145 0.12832779 7.4850693 17.137346 0.4423275 14.744946 0.36218855 9.452928
SFGC0.415-0.0275 266.67825 -28.595556 1.2354263 0.09906968 1.0308869 0.03159399 2.8050456 1.3023697 0.2963677 0.79780287 0.100916125 3.9310198
SFGC0.533-0.0806 266.799292 -28.522717 31.698671 2.775742 43.243042 6.7099066 20.0 80.56294 3.7645016 68.6993 8.122138 24.907972
SFGC0.112-0.0802 266.549917 -28.882075 "" "" 0.16501583 0.025283856 2.3841918 "" "" 0.31558707 0.061645377 2.7667577
SFGC0.022+0.0145 266.404125 -28.909511 3.2841024 0.2967234 3.3506227 0.20588279 6.1030154 3.448438 0.6723931 3.3837485 0.446805 7.6713233
SFGC359.620-0.0637 266.240042 -29.294006 "" "" 0.42783216 0.041439813 3.2527254 0.91853195 0.25465426 0.95085126 0.09058768 4.106707
SFGC0.050-0.0046 266.439208 -28.895956 0.9465682 0.15986802 0.86151123 0.07719307 4.247104 7.3381023 0.860734 6.2992187 1.0080194 13.519962
SFGC0.601-0.0373 266.797292 -28.442106 10.115067 0.15312235 10.356878 0.10089484 5.795709 32.5563 0.66282696 29.930063 0.4702053 8.189605
SFGC359.986-0.0608 266.455708 -28.98015 1.4527807 0.11399806 1.6723375 0.046346124 3.575956 "" "" "" "" 1.5204567
SFGC359.432-0.1027 266.165542 -29.474514 1.8763931 0.32475743 2.4353263 0.4632169 12.545891 "" "" "" "" ""
SFGC0.113+0.0003 266.472 -28.839375 3.9602234 0.15481977 4.3241115 0.13401285 7.6137085 5.2662697 0.34559804 5.027272 0.24209423 8.087024
SFGC359.944-0.0193 266.390708 -28.993753 5.6115403 0.18271933 5.9681635 0.14965823 7.204309 15.316859 0.43318623 13.092804 0.35873887 9.560472
SFGC359.869-0.0179 266.3445 -29.057217 1.7367531 0.2634523 3.3149693 0.31257492 10.435863 1.6610653 0.46331334 "" "" ""
SFGC359.739-0.0242 266.272792 -29.171706 21.590994 0.23030756 25.171986 0.24724212 9.442575 51.897682 0.5133974 43.813145 0.6127951 13.779617
SFGC359.998+0.0286 266.376208 -28.922603 15.747447 0.28848386 15.712058 0.19502483 5.9462695 25.182331 0.577459 21.737658 0.36966252 7.3902617
SFGC0.192-0.0469 266.565167 -28.796267 "" "" "" "" "" 21.59669 3.098016 18.780792 2.9910169 11.145787
SFGC0.225-0.0637 266.600583 -28.777389 2.5329888 0.1244876 2.4590552 0.08012461 5.6612983 3.1648657 0.4432825 2.9679542 0.34431776 8.967149
SFGC0.517-0.0388 266.7495 -28.514303 4.585187 0.59735966 "" "" 20.0 11.741704 1.1847765 11.367332 1.7555412 17.106066
SFGC359.678-0.0249 266.237083 -29.223906 1.3416742 0.08995705 1.0728133 0.02748823 2.6877432 3.1564255 0.23371148 2.565774 0.103796385 5.12717
SFGC0.125+0.0434 266.436958 -28.806983 26.588718 1.0758116 32.041115 1.5301272 12.510294 85.19678 2.9059093 74.37163 3.0954318 12.29744
SFGC0.601-0.0686 266.828042 -28.4579 14.012427 0.17515513 15.645052 0.17266689 8.670865 35.376457 0.6352846 30.974018 0.5970854 10.8503475
SFGC0.026+0.0034 266.417208 -28.912092 3.7160342 0.15781884 3.8071725 0.10768783 6.0018344 4.388442 0.34168175 4.753245 0.17767484 6.0031567
SFGC359.750-0.0227 266.278125 -29.161181 1.3987594 0.11589525 1.5746732 0.101800375 7.726094 6.9082675 0.3419506 5.806571 0.27872756 9.410053
SFGC359.933-0.0592 266.42275 -29.0243 5.1877704 0.32891646 6.2095075 0.38250253 10.228806 9.523967 2.091167 9.497785 1.4425771 7.9639015
SFGC0.097+0.0072 266.455375 -28.849989 13.1689825 1.9505508 17.115026 2.898745 13.071607 34.95221 5.348226 31.208517 6.3265767 13.656346
SFGC0.498-0.0398 266.739125 -28.531136 6.206377 0.19746804 7.24451 0.24074367 10.723443 8.140623 1.0692921 7.8568916 0.91122466 9.837951
SFGC0.097+0.0177 266.445458 -28.844092 22.270367 1.6239699 29.306473 2.9324534 15.882884 30.191439 4.0697007 34.23281 6.148533 17.441528
SFGC359.955-0.0434 266.420375 -28.997481 65.46922 9.971574 "" "" 20.0 244.17603 20.77536 "" "" 26.0
SFGC0.186-0.0476 266.562 -28.802 12.378142 2.1101048 "" "" "" 15.130887 2.739945 18.947348 3.1014345 13.067614
SFGC359.949+0.0062 266.368833 -28.976119 2.1632946 0.11311323 2.3234868 0.08116135 6.311202 3.2980595 0.3953829 3.6220655 0.33136457 9.675283
SFGC359.878+0.0161 266.3165 -29.031983 5.511861 0.11771093 6.4625564 0.13697805 10.235531 9.958955 0.2987959 8.685264 0.35694036 13.791024
SFGC0.040-0.0267 266.455125 -28.915611 1.468991 0.16244592 1.6344478 0.120399475 6.5191655 7.4234076 0.59255147 7.2664 0.5490206 10.696411
SFGC0.039+0.0128 266.415917 -28.895889 11.068919 0.95904654 14.45534 1.8953594 17.383135 36.063305 2.591892 30.016764 4.3006926 19.155655
SFGC359.442-0.1024 266.171417 -29.465689 0.7513092 0.24691318 1.1872089 0.08711539 3.103322 "" "" 3.10305 0.18042777 3.5089922
SFGC0.376+0.0400 266.589292 -28.594161 2.1198547 0.0727989 1.7936194 0.028193854 2.9413147 23.130194 0.19454332 19.461472 0.076392084 3.8441803
SFGC0.158+0.0538 266.4465 -28.773272 5.7037826 0.72527033 "" "" "" 27.12906 1.3118387 23.531403 1.7703215 15.579274
SFGC0.024-0.1011 266.517708 -28.968531 2.0451865 0.14428863 2.1683452 0.10555301 6.434499 1.8431001 0.42545134 2.469724 0.22640678 6.143489
SFGC0.044+0.0139 266.4175 -28.891497 63.74646 2.3147619 76.46745 2.5016885 9.506116 133.76532 4.633447 114.18999 4.986352 12.423794
SFGC359.412-0.0880 266.13925 -29.483683 4.8593783 0.12426087 5.171182 0.09643683 6.8262897 9.553071 0.30089274 8.657908 0.2362026 9.06251
SFGC0.167-0.0414 266.544875 -28.814744 13.734539 2.8261175 "" "" "" 33.974476 4.68292 30.720276 7.7338977 19.065897
