Data/SFGC_ShortCatalog_Journal.ecsv
# %ECSV 1.0
# ---
# datatype:
# - {name: SourceID, datatype: string}
# - {name: ra, datatype: float64}
# - {name: dec, datatype: float64}
# - {name: _25um_Flux_8pix, datatype: float32, format: '{:13.4g}'}
# - {name: _25um_Flux_8pix_err, datatype: float32, format: '{:13.4g}'}
# - {name: _25um_Flux_G2D, datatype: float32, format: '{:13.4g}'}
# - {name: _25um_Flux_G2D_err, datatype: float32, format: '{:13.4g}'}
# - {name: fwhm25, datatype: float32, format: '{:13.4g}'}
# - {name: _37um_Flux_10_5pix, datatype: float32, format: '{:13.4g}'}
# - {name: _37um_Flux_10_5pix_err, datatype: float32, format: '{:13.4g}'}
# - {name: _37um_Flux_G2D, datatype: float32, format: '{:13.4g}'}
# - {name: _37um_Flux_G2D_err, datatype: float32, format: '{:13.4g}'}
# - {name: fwhm37, datatype: float32, format: '{:13.4g}'}
# schema: astropy-2.0
SourceID ra dec _25um_Flux_8pix _25um_Flux_8pix_err _25um_Flux_G2D _25um_Flux_G2D_err fwhm25 _37um_Flux_10_5pix _37um_Flux_10_5pix_err _37um_Flux_G2D _37um_Flux_G2D_err fwhm37
SFGC0.154+0.0305 266.467125 -28.788414 2.909852 0.15071486 3.3694534 0.13991876 8.16575 4.789932 0.771387 4.0196176 0.775797 11.610511
SFGC359.948-0.0293 266.4025 -28.996056 4.919616 0.54796743 6.0867043 0.69085413 11.089395 27.950855 2.233841 23.403788 2.9089854 15.033665
SFGC0.299-0.0610 266.64175 -28.712831 "" "" 0.35837203 0.03985645 2.637396 "" "" 0.13194549 0.04040883 1.521531
SFGC0.395+0.0076 266.632125 -28.594775 1.5278552 0.11050429 1.1535083 0.04685197 3.7292795 0.89203787 0.20239978 0.9475748 0.08267386 4.715565
SFGC359.954-0.0262 266.403417 -28.988825 5.950386 0.42132342 7.3379045 0.4657542 9.723383 13.07071 0.9827585 12.043871 0.86461824 10.156711
SFGC0.036-0.1818 266.603667 -29.000372 1.1502659 0.21763895 1.4027375 0.06501413 2.627528 2.0195363 0.3755872 1.6148887 0.13727288 4.219388
SFGC0.055+0.0265 266.411792 -28.875542 13.775343 0.36525366 13.168954 0.19223993 4.6294055 17.607162 1.9020623 17.25034 0.7421805 4.5046425
SFGC359.639-0.0576 266.245667 -29.274294 5.2761016 0.24452758 4.0221524 0.09802158 2.534128 8.969672 1.8251944 8.045881 1.8599921 11.76461
SFGC359.410+0.0325 266.020083 -29.422522 7.38446 0.16985856 8.762777 0.20292345 10.508023 17.666763 0.36074343 14.782046 0.4328051 13.850628
SFGC0.545-0.0864 266.811833 -28.515806 8.797049 0.30122903 10.725378 0.41337946 12.070584 14.405209 1.2831296 "" "" ""
SFGC0.091+0.0145 266.44475 -28.851297 13.679656 1.7424741 19.028696 2.9066026 14.672212 47.609573 4.4060965 "" "" ""
SFGC359.967+0.0024 266.382958 -28.963247 "" "" 0.7034731 0.05894448 3.2025754 "" "" "" "" ""
SFGC0.016-0.1709 266.58125 -29.011478 2.9705386 0.106967 2.3295608 0.035879508 2.491728 2.3220084 0.24821043 1.8046333 0.07173589 3.3365068
SFGC0.180-0.0982 266.607833 -28.833494 1.1848822 0.14980505 0.82007855 0.051883075 3.0463195 "" "" 0.7998377 0.09551614 3.0457869
SFGC359.977-0.0870 266.476375 -29.000869 3.2243044 0.2338895 3.0470202 0.100762054 3.7893307 5.888512 1.0114906 5.479648 0.3959875 4.51955
SFGC359.374-0.0883 266.117 -29.515861 6.486895 0.21860167 7.577255 0.2680361 10.784898 18.940838 0.66518867 16.437595 0.7042316 12.222111
SFGC0.032-0.1746 266.594583 -28.999583 1.829817 0.116484836 1.4096243 0.036037974 2.7212422 2.4641964 0.28225294 1.3259712 0.08605467 3.5197473
SFGC0.426-0.0543 266.710792 -28.600111 1.0592722 0.10207602 1.1138991 0.054683704 4.7120557 4.514191 0.20713975 4.06058 0.14402038 8.026681
SFGC0.071-0.1013 266.546208 -28.928086 15.831508 0.11851944 14.791128 0.06644179 3.946314 24.431368 0.28375912 20.738817 0.16338348 4.776724
SFGC0.060-0.1328 266.570125 -28.954336 1.4624238 0.16443792 1.8128897 0.17608844 9.419006 2.676294 0.652493 "" "" ""
SFGC0.479+0.0740 266.617292 -28.488197 28.823175 0.20909122 30.980396 0.16788797 7.0625253 55.223717 0.61931914 50.049892 0.4679026 8.722008
SFGC0.054+0.0344 266.403375 -28.872544 9.141875 0.30615446 10.931113 0.3285553 9.439393 31.563519 1.8382524 28.659904 2.0913796 13.134188
SFGC0.008+0.0349 266.375917 -28.910817 87.90882 1.5337474 106.14268 1.9797679 11.353681 133.60527 2.52102 112.37381 3.4309165 15.711202
SFGC359.429+0.0353 266.028792 -29.404758 4.1596975 0.08119002 3.5122795 0.0281118 2.641418 9.025993 0.18342538 7.323428 0.058115933 3.3166637
SFGC0.471-0.0550 266.737708 -28.562697 73.598366 0.25206688 77.93257 0.1954181 6.819072 114.73497 0.99785423 105.381226 0.72118676 8.343652
SFGC0.128+0.1031 266.380958 -28.772778 2.0833204 0.16565588 1.9617534 0.06409583 3.4032915 "" "" 1.167986 0.1379866 3.6595995
SFGC0.196-0.0819 266.6015 -28.811186 1.6896143 0.16847396 "" "" 20.0 1.9473518 0.34116158 "" "" 26.0
SFGC0.214+0.0306 266.502167 -28.737758 2.0196598 0.11009663 2.0211413 0.0651415 5.204272 7.466993 0.37415108 6.6109524 0.2951102 9.105688
SFGC359.978-0.0904 266.480375 -29.001717 2.8185875 0.13819145 2.911704 0.0937903 5.969707 4.9659405 0.5060712 4.656341 0.28591737 6.5223556
SFGC359.618-0.0573 266.233042 -29.291692 6.417087 0.13410792 6.5665565 0.096667394 6.340183 6.1906834 0.27043918 5.5992827 0.18333863 7.8263617
SFGC0.540-0.0867 266.809583 -28.519561 7.9016895 0.6606667 9.296527 0.73982453 9.8496895 23.834562 1.519765 21.319225 1.4647454 11.126568
SFGC0.517+0.0503 266.662542 -28.468475 "" "" 0.89561033 0.08452737 2.6090596 "" "" 1.102024 0.10813158 2.8256695
SFGC359.917+0.0123 266.343583 -29.000553 1.3611311 0.124263264 1.488039 0.09981285 7.065126 6.162843 0.2890844 "" "" 26.0
SFGC359.425-0.0802 266.139708 -29.4682 0.6454457 0.19086334 0.5717736 0.07805428 3.5970826 5.053108 1.2346417 4.158736 1.1936663 11.16137
SFGC359.979-0.0774 266.468167 -28.994092 73.59513 1.1911054 92.09416 2.097385 15.488315 200.71571 2.4598432 "" "" 26.0
SFGC0.120+0.0443 266.433333 -28.810511 17.778856 1.1729612 22.246906 2.1599162 16.196808 67.04388 2.8059542 55.20777 5.498196 22.621176
SFGC0.190+0.0362 266.482625 -28.755261 2.3215964 0.18882048 2.5673206 0.077166595 3.5946488 "" "" 1.6297522 0.14245614 3.7937963
SFGC359.646-0.0559 266.248 -29.267675 55.62576 0.4403101 65.19764 0.5054406 10.096891 103.27917 1.3364562 89.074104 1.3765925 11.891214
SFGC0.346-0.0271 266.637125 -28.654381 82.101295 0.18071151 82.49705 0.11966947 5.8247027 144.61671 0.55364114 131.32211 0.35998452 7.506388
SFGC0.336-0.0266 266.630083 -28.663458 1.0617416 0.13388711 1.0779952 0.055310555 3.6336696 1.4924536 0.42668188 0.44881362 0.085968256 2.3259988
SFGC0.236-0.0517 266.595833 -28.761314 3.8141456 0.13948123 4.352251 0.15713654 9.909178 10.397186 0.49701822 8.643047 0.47237378 10.972081
SFGC0.542-0.0445 266.7695 -28.496231 5.7118344 0.1736444 5.5670066 0.101814374 5.1573253 14.41638 0.46851057 13.1093855 0.31115547 7.6671433
SFGC359.453+0.0281 266.05025 -29.388136 1.0443536 0.088498 0.75455904 0.035845656 3.5627005 0.8617553 0.19614875 0.52525663 0.072448604 4.2640276
SFGC359.450+0.0063 266.069667 -29.402219 1.3803891 0.106240384 1.2770782 0.0348345 2.884006 4.6828904 0.19592945 4.2668023 0.10411828 6.134834
SFGC0.012-0.0785 266.488958 -28.966453 21.945406 0.17693423 24.719233 0.17317708 8.609041 41.912262 0.43341422 36.91582 0.4025255 10.721753
SFGC0.077-0.0927 266.541458 -28.918381 4.7937407 0.14977585 4.3797903 0.07401461 3.6525648 23.864159 0.36071754 20.17107 0.15472227 4.951777
SFGC0.040-0.0562 266.483667 -28.931267 0.53222835 0.17091969 0.86846006 0.072225794 3.7168622 "" "" "" "" 26.0
SFGC0.079-0.1146 266.563667 -28.928461 5.501106 0.1481351 4.6432843 0.060256343 2.913901 4.177775 0.50498754 4.3371468 0.16537671 3.780674
SFGC0.115-0.0099 266.483125 -28.843094 2.3021498 0.15306292 2.875464 0.21803114 12.529241 8.845605 0.49984756 7.2843595 0.74513006 17.20957
SFGC0.209-0.0016 266.5305 -28.758892 26.183449 0.28710666 28.967829 0.23762608 7.2799277 69.186 0.7990848 61.03038 0.69601303 10.055416
SFGC0.141+0.0490 266.441333 -28.790003 17.89943 0.6143215 21.84213 0.9448074 13.527696 59.134296 2.0007713 49.822346 2.3956347 13.8228855
SFGC359.423+0.0152 266.044667 -29.420603 6.085023 0.08727446 6.1493883 0.060223576 6.069537 25.94915 0.32643718 23.091068 0.21855158 7.7291164
SFGC0.108-0.0157 266.484375 -28.852472 4.200336 0.17941532 4.2125077 0.1031633 5.0575705 3.9632268 0.40406364 4.2684035 0.22687355 6.482009
SFGC0.079-0.1023 266.551667 -28.922042 1.1581441 0.11690775 0.89415467 0.045616977 3.4320958 "" "" "" "" ""
SFGC0.083-0.1056 266.557125 -28.920547 "" "" 0.6509426 0.07156248 4.6212587 2.0560765 0.3902538 1.8316641 0.28067908 8.303064
SFGC0.000-0.0755 266.478667 -28.975372 1.0814663 0.12580878 1.1506598 0.06712275 4.692832 5.758126 0.3820081 5.389693 0.23627225 7.1402864
SFGC359.434-0.0241 266.089792 -29.431853 0.8685652 0.11155039 0.8694825 0.07174267 5.656954 "" "" 0.30416912 0.06380368 3.253403
SFGC0.185-0.0606 266.57425 -28.809503 1.7354953 0.16317488 1.8867197 0.05879414 3.1692536 "" "" 1.0068966 0.12622131 3.2607563
SFGC0.303-0.0416 266.625125 -28.699461 1.1167018 0.13825683 1.2885543 0.109472096 6.9645495 4.399008 0.43630064 "" "" ""
SFGC0.147-0.0307 266.522542 -28.826411 10.627634 0.33980373 12.882024 0.47820204 12.378258 22.340675 0.8727524 19.629555 1.0886977 14.4009695
SFGC0.177-0.0549 266.563958 -28.813394 3.9045384 0.1096849 3.3828716 0.03916303 2.720459 3.9700785 0.3095649 3.087632 0.10832244 4.0396366
SFGC0.178-0.0528 266.562083 -28.811978 1.1535821 0.16990042 0.7496955 0.05979705 3.095719 "" "" "" "" 26.0
SFGC359.699-0.0174 266.242583 -29.201694 "" "" 0.2941272 0.029923685 3.0281792 "" "" 0.23251657 0.05504808 3.442435
SFGC359.951-0.0355 266.410708 -28.996111 7.378288 1.1907104 9.398796 1.9680787 14.538262 54.893105 2.9935067 "" "" ""
SFGC0.042+0.0282 266.402417 -28.885758 14.490408 0.35341337 13.261831 0.18993309 3.6101704 31.987652 1.5291352 27.907164 1.0479273 7.9115357
SFGC359.726-0.0362 266.277042 -29.188536 35.767765 0.31622207 37.62158 0.2450246 6.8154373 48.074142 0.7366132 41.630875 0.58166945 9.116167
SFGC359.456+0.0199 266.060292 -29.389611 4.4783053 0.09401348 4.0046887 0.04358745 3.3695464 11.486536 0.18855377 10.242787 0.10518752 6.440277
SFGC359.915-0.0004 266.35475 -29.008983 "" "" 0.50438285 0.10115884 4.9080315 2.9023886 0.43609914 2.2904785 0.29582587 7.8311663
SFGC0.015+0.0249 266.389583 -28.910461 4.481278 0.24686474 3.9385707 0.10240621 3.6487446 12.462966 0.63398194 10.999054 0.39353317 7.1660523
SFGC0.414-0.0215 266.671542 -28.593853 7.7362704 0.13099791 8.908092 0.13840988 9.293492 15.752192 0.29406077 13.437203 0.279126 10.958187
SFGC0.430-0.0276 266.686958 -28.583311 2.3090255 0.078086436 2.0264497 0.026894858 2.66162 3.1033895 0.18438283 2.4442315 0.06099907 3.8192513
SFGC0.633-0.1153 266.892167 -28.454972 7.084557 0.24624345 8.416529 0.2865354 10.235046 19.2245 0.63576746 16.208733 0.6226379 11.3061
SFGC0.600-0.0483 266.8075 -28.448444 50.580494 0.51205975 51.892933 0.34641084 5.9504123 157.75175 1.9451137 136.88223 1.4802563 8.78552
SFGC0.353-0.0198 266.633667 -28.645214 3.9186416 0.1460184 4.533085 0.14349014 8.643521 6.994222 0.3884622 "" "" ""
SFGC0.216-0.0492 266.58125 -28.777483 1.1283678 0.10489993 1.1734909 0.074592076 6.254516 6.3088503 0.47298095 5.214935 0.52583456 12.83456
SFGC0.101+0.0246 266.441167 -28.837114 48.715576 1.537515 60.12827 2.4870267 14.227785 121.6131 3.0679293 102.59262 4.0849094 15.371371
SFGC0.661-0.0520 266.84675 -28.398697 1.927771 0.15292536 2.1186376 0.08556508 4.9214525 9.812484 0.4939002 9.344073 0.34617662 8.091594
SFGC0.604-0.0468 266.8085 -28.444078 4.8094797 1.0262651 "" "" "" 27.876612 3.3577569 "" "" 26.0
SFGC0.205-0.1170 266.641 -28.821783 23.12393 0.110285304 21.002827 0.053710904 4.2837195 38.14022 0.2870913 33.45679 0.1542286 4.7594213
SFGC0.030-0.0264 266.4485 -28.924442 1.3793564 0.15482172 1.9080231 0.1484907 8.436135 3.0160205 0.7852073 "" "" ""
SFGC0.134-0.0227 266.506875 -28.833494 4.2089405 0.30285424 5.4961953 0.44421127 12.901259 18.087452 1.4492589 15.475806 2.6380346 21.014063
SFGC0.068-0.1230 266.565417 -28.9422 2.5810063 0.14560543 2.8206835 0.11960826 7.225365 2.3445458 0.33261007 "" "" 26.0
SFGC359.843-0.0146 266.3255 -29.077908 8.224323 0.12532276 8.363926 0.08715185 6.1167803 11.75336 0.2903373 10.2497225 0.22242573 8.844184
SFGC0.216-0.1119 266.642458 -28.809872 "" "" 0.7275799 0.09021071 5.1762795 "" "" 0.22889139 0.059384614 1.6101516
SFGC359.939-0.0499 266.417458 -29.014025 26.782951 7.470465 35.66908 8.1499815 9.595888 177.00528 18.968525 159.69 19.594345 11.925393
SFGC0.187-0.0555 266.570417 -28.805169 17.626808 0.8588333 21.301878 0.83343863 8.535735 52.234512 3.032111 45.617268 2.34956 8.945755
SFGC0.218-0.1557 266.6865 -28.830808 2.172091 0.10707491 2.0708363 0.03794332 3.1169066 "" "" 0.95675397 0.06750971 2.995793
SFGC0.083-0.0965 266.548792 -28.915208 15.041291 0.12734464 15.220905 0.086434156 5.9700913 28.683805 0.32951742 25.617018 0.23831478 8.349262
SFGC359.460+0.0105 266.071833 -29.391172 1.7785269 0.21109739 1.8089248 0.099925324 4.163599 3.9453228 0.39078337 3.3626661 0.21655543 6.3974743
SFGC0.304-0.0444 266.628917 -28.699372 2.1543646 0.10636688 2.3602095 0.09487938 7.8458796 6.907841 0.35953617 6.056843 0.4065819 13.055123
SFGC359.552-0.0537 266.189667 -29.346547 2.7224205 0.17562135 3.5401218 0.2593682 12.990195 8.489136 0.38550293 7.249427 0.43556312 13.043644
SFGC0.179-0.0626 266.572625 -28.8157 6.5922933 0.11863061 6.6101494 0.07696947 5.706869 20.275799 0.2888144 17.84622 0.17074794 6.8251495
SFGC359.985-0.0413 266.436292 -28.970547 1.6566657 0.15724637 2.079752 0.13405177 7.498392 "" "" 1.2483373 0.21596433 6.1783767
SFGC359.436-0.1023 266.167458 -29.471011 14.61577 0.2578316 14.260297 0.10742983 3.6649241 52.981308 0.7243018 51.161907 0.29100493 4.638273
SFGC0.167-0.0603 266.563292 -28.824594 5.4248557 1.0384192 "" "" 20.0 11.569951 1.2330596 "" "" ""
SFGC0.676-0.0412 266.845208 -28.380067 3.3870938 0.16365609 3.7326505 0.1347091 7.240041 22.171442 0.81472343 20.047796 0.7151798 10.133992
SFGC0.072-0.0953 266.540792 -28.924311 "" "" 0.26228273 0.0336239 2.5148993 "" "" "" "" 26.0
SFGC0.342-0.0389 266.646167 -28.663947 3.3557189 0.13588682 2.5081966 0.051304262 2.6000364 2.5409224 0.31470385 1.6806238 0.09286342 3.4065764
SFGC359.444-0.0918 266.162333 -29.458356 17.436752 0.41372043 19.529226 0.375253 7.9779882 36.868214 1.3201376 32.705627 1.2411515 10.853783
SFGC359.435+0.0139 266.053583 -29.410589 2.2246168 0.07140387 2.1701763 0.047904722 3.3907192 8.278019 0.20858718 7.57481 0.16343929 9.045746
SFGC0.317-0.0069 266.599792 -28.669272 0.9189758 0.16405547 0.8198588 0.053487733 2.8677392 3.760962 0.40552336 3.3106868 0.49100795 13.978101
SFGC359.630-0.0809 266.263333 -29.293792 6.94219 0.11257532 7.103564 0.07932947 6.1982284 8.422837 0.24738592 7.56725 0.16522807 7.7105327
SFGC0.143+0.0142 266.475958 -28.807106 11.362661 0.43975815 13.745043 0.5185737 10.372246 25.624054 0.95794374 23.846207 0.851405 10.260576
SFGC0.087-0.0443 266.499708 -28.885336 4.712145 0.1396997 5.054896 0.11427137 7.1947913 1.7869153 0.36836383 2.1998193 0.20511492 6.428295
SFGC359.975-0.0813 266.469333 -29.000017 103.78991 0.422466 108.95436 0.31899437 6.6415195 143.68443 2.1163843 129.09927 1.5206333 8.294792
SFGC0.188-0.0369 266.552458 -28.795256 10.32358 1.7826933 12.881295 2.656332 13.106356 34.321842 4.1298037 28.400684 6.377817 17.828638
SFGC0.098-0.0508 266.512583 -28.879322 4.4267077 0.16663544 4.4006524 0.09486205 5.007274 6.262501 0.3728548 5.417875 0.17825185 5.5191197
SFGC0.124-0.0868 266.563417 -28.875472 11.535208 0.11510656 12.353143 0.09353748 7.1476254 15.850996 0.39274612 13.744677 0.33725953 9.913519
SFGC0.642-0.0819 266.86475 -28.430181 3.6780677 0.15917315 4.396852 0.20087463 11.100218 16.024559 0.4996887 14.05141 0.50338167 11.629829
SFGC359.388-0.0667 266.104042 -29.493089 0.7422782 0.11704469 0.84196705 0.048601717 3.6523814 1.0460624 0.2550136 0.638066 0.0695713 3.149505
SFGC0.417-0.0490 266.700042 -28.605658 1.7167515 0.08355674 1.270412 0.035361774 2.632676 1.0527086 0.19851363 0.8402249 0.06945808 4.039317
SFGC359.663-0.0257 266.228833 -29.237172 32.62716 0.19321962 32.166214 0.12779239 5.8174143 73.93906 0.557834 65.66859 0.4096165 8.477113
SFGC0.113-0.0765 266.546667 -28.879622 "" "" 0.264378 0.02745046 2.7848628 0.94129795 0.24994692 "" "" 26.0
SFGC359.929+0.0372 266.326167 -28.977731 2.9412973 0.4098399 4.6911182 0.8303787 17.82125 4.334101 1.0595734 4.1698236 1.1444993 12.469815
SFGC0.066+0.0124 266.432042 -28.873531 6.6090374 0.3277962 7.0791163 0.26580805 7.1324773 9.8545475 0.71758616 9.004249 0.50279534 8.088961
SFGC359.993-0.0792 266.477875 -28.983769 2.4758062 0.12532285 2.8794317 0.12069426 8.470959 7.6336 0.30993006 6.9229484 0.22985841 8.561941
SFGC359.964-0.0299 266.41275 -28.982425 28.315407 1.1114954 35.492672 1.8690004 14.790333 115.65037 3.237403 97.40784 4.3454127 15.495651
SFGC0.618-0.0948 266.863208 -28.457428 3.3636072 0.10244618 3.6156492 0.08822654 7.574949 9.740226 0.24677646 8.62488 0.2159487 10.102349
SFGC359.985+0.0272 266.369417 -28.934914 401.18314 1.7335628 416.43976 1.246209 6.323063 405.621 2.2201211 361.70572 1.5209767 7.908997
